0 0.70710678
0.010090406 0.70709157
0.01018163 0.7070913
0.010273678 0.70709101
0.010366558 0.70709073
0.010460279 0.70709044
0.010554846 0.70709014
0.010650268 0.70708984
0.010746553 0.70708953
0.010843709 0.70708922
0.010941743 0.7070889
0.011040663 0.70708857
0.011140477 0.70708824
0.011241194 0.70708791
0.011342822 0.70708756
0.011445368 0.70708721
0.011548841 0.70708686
0.01165325 0.7070865
0.011758602 0.70708613
0.011864907 0.70708575
0.011972174 0.70708537
0.01208041 0.70708498
0.012189624 0.70708459
0.012299826 0.70708418
0.012411024 0.70708377
0.012523227 0.70708335
0.012636445 0.70708293
0.012750686 0.7070825
0.01286596 0.70708205
0.012982277 0.70708161
0.013099645 0.70708115
0.013218073 0.70708068
0.013337573 0.70708021
0.013458153 0.70707973
0.013579823 0.70707923
0.013702593 0.70707873
0.013826473 0.70707822
0.013951473 0.70707771
0.014077603 0.70707718
0.014204873 0.70707664
0.014333294 0.70707609
0.014462876 0.70707554
0.014593629 0.70707497
0.014725565 0.70707439
0.014858693 0.7070738
0.014993025 0.7070732
0.015128571 0.70707259
0.015265343 0.70707197
0.015403351 0.70707134
0.015542607 0.7070707
0.015683122 0.70707004
0.015824907 0.70706937
0.015967974 0.70706869
0.016112334 0.707068
0.016258 0.7070673
0.016404982 0.70706658
0.016553294 0.70706585
0.016702946 0.70706511
0.016853951 0.70706435
0.017006321 0.70706358
0.017160069 0.7070628
0.017315206 0.707062
0.017471747 0.70706118
0.017629702 0.70706035
0.017789085 0.70705951
0.01794991 0.70705865
0.018112188 0.70705778
0.018275934 0.70705689
0.018441159 0.70705598
0.018607879 0.70705506
0.018776106 0.70705412
0.018945853 0.70705316
0.019117136 0.70705219
0.019289967 0.7070512
0.01946436 0.70705019
0.01964033 0.70704916
0.019817891 0.70704811
0.019997057 0.70704705
0.020177842 0.70704596
0.020360263 0.70704486
0.020544332 0.70704373
0.020730066 0.70704259
0.020917478 0.70704142
0.021106585 0.70704024
0.021297402 0.70703903
0.021489944 0.7070378
0.021684226 0.70703654
0.021880265 0.70703527
0.022078076 0.70703397
0.022277676 0.70703265
0.02247908 0.7070313
0.022682305 0.70702993
0.022887367 0.70702853
0.023094283 0.70702711
0.02330307 0.70702567
0.023513744 0.70702419
0.023726323 0.70702269
0.023940823 0.70702117
0.024157263 0.70701961
0.02437566 0.70701803
0.024596031 0.70701642
0.024818395 0.70701477
0.025042768 0.7070131
0.02526917 0.7070114
0.025497619 0.70700967
0.025728134 0.70700791
0.025960732 0.70700611
0.026195433 0.70700428
0.026432256 0.70700242
0.02667122 0.70700052
0.026912345 0.70699859
0.027155649 0.70699663
0.027401153 0.70699463
0.027648876 0.70699259
0.02789884 0.70699052
0.028151062 0.70698841
0.028405565 0.70698626
0.028662369 0.70698407
0.028921495 0.70698184
0.029182963 0.70697957
0.029446796 0.70697726
0.029713013 0.70697491
0.029981637 0.70697251
0.03025269 0.70697007
0.030526193 0.70696759
0.030802168 0.70696506
0.031080639 0.70696249
0.031361628 0.70695987
0.031645156 0.7069572
0.031931248 0.70695448
0.032219926 0.70695172
0.032511215 0.7069489
0.032805136 0.70694603
0.033101715 0.70694311
0.033400975 0.70694014
0.033702941 0.70693711
0.034007636 0.70693403
0.034315086 0.70693089
0.034625316 0.7069277
0.03493835 0.70692445
0.035254215 0.70692114
0.035572935 0.70691776
0.035894536 0.70691433
0.036219045 0.70691084
0.036546488 0.70690728
0.036876891 0.70690365
0.037210281 0.70689996
0.037546685 0.70689621
0.03788613 0.70689238
0.038228645 0.70688849
0.038574255 0.70688453
0.038922991 0.70688049
0.039274879 0.70687638
0.039629948 0.70687219
0.039988227 0.70686793
0.040349746 0.7068636
0.040714533 0.70685918
0.041082617 0.70685468
0.04145403 0.7068501
0.0418288 0.70684544
0.042206958 0.7068407
0.042588535 0.70683586
0.042973562 0.70683094
0.04336207 0.70682593
0.04375409 0.70682083
0.044149654 0.70681564
0.044548794 0.70681035
0.044951543 0.70680497
0.045357933 0.70679949
0.045767997 0.7067939
0.046181768 0.70678822
0.04659928 0.70678244
0.047020567 0.70677655
0.047445662 0.70677055
0.0478746 0.70676444
0.048307416 0.70675823
0.048744145 0.70675189
0.049184823 0.70674545
0.049629484 0.70673889
0.050078165 0.70673221
0.050530903 0.7067254
0.050987734 0.70671848
0.051448695 0.70671142
0.051913823 0.70670424
0.052383156 0.70669693
0.052856732 0.70668949
0.05333459 0.70668191
0.053816768 0.7066742
0.054303305 0.70666634
0.054794241 0.70665834
0.055289615 0.7066502
0.055789467 0.7066419
0.056293839 0.70663346
0.05680277 0.70662487
0.057316302 0.70661611
0.057834477 0.7066072
0.058357337 0.70659813
0.058884924 0.70658889
0.05941728 0.70657949
0.059954449 0.70656991
0.060496475 0.70656016
0.0610434 0.70655024
0.061595271 0.70654013
0.06215213 0.70652984
0.062714024 0.70651936
0.063280998 0.70650869
0.063853097 0.70649783
0.064430369 0.70648677
0.06501286 0.70647551
0.065600616 0.70646405
0.066193687 0.70645238
0.066792119 0.70644049
0.067395961 0.70642839
0.068005263 0.70641607
0.068620072 0.70640353
0.069240441 0.70639076
0.069866417 0.70637776
0.070498053 0.70636452
0.071135399 0.70635104
0.071778508 0.70633731
0.07242743 0.70632334
0.073082219 0.70630911
0.073742928 0.70629463
0.074409609 0.70627988
0.075082319 0.70626487
0.075761109 0.70624958
0.076446037 0.70623401
0.077137157 0.70621816
0.077834525 0.70620203
0.078538197 0.7061856
0.079248231 0.70616887
0.079964684 0.70615184
0.080687615 0.7061345
0.081417081 0.70611684
0.082153142 0.70609887
0.082895858 0.70608056
0.083645288 0.70606193
0.084401493 0.70604296
0.085164535 0.70602364
0.085934475 0.70600397
0.086711377 0.70598395
0.087495301 0.70596356
0.088286313 0.7059428
0.089084476 0.70592166
0.089889855 0.70590015
0.090702516 0.70587824
0.091522523 0.70585593
0.092349943 0.70583322
0.093184844 0.70581009
0.094027293 0.70578655
0.094877358 0.70576258
0.095735109 0.70573817
0.096600614 0.70571332
0.097473943 0.70568802
0.098355168 0.70566226
0.09924436 0.70563603
0.10014159 0.70560933
0.10104693 0.70558214
0.10196046 0.70555446
0.10288225 0.70552627
0.10381237 0.70549758
0.10475089 0.70546836
0.10569791 0.70543862
0.10665348 0.70540833
0.1076177 0.70537749
0.10859063 0.7053461
0.10957235 0.70531413
0.11056296 0.70528159
0.11156251 0.70524845
0.11257111 0.70521471
0.11358882 0.70518036
0.11461573 0.70514539
0.11565193 0.70510978
0.1166975 0.70507353
0.11775252 0.70503662
0.11881707 0.70499904
0.11989125 0.70496078
0.12097514 0.70492182
0.12206883 0.70488215
0.12317241 0.70484177
0.12428597 0.70480065
0.12540959 0.70475879
0.12654337 0.70471617
0.1276874 0.70467278
0.12884177 0.70462859
0.13000658 0.70458361
0.13118192 0.70453781
0.13236789 0.70449118
0.13356458 0.7044437
0.13477209 0.70439537
0.13599051 0.70434615
0.13721995 0.70429605
0.1384605 0.70424503
0.13971227 0.70419309
0.14097536 0.70414021
0.14224986 0.70408636
0.14353589 0.70403154
0.14483354 0.70397573
0.14614293 0.70391891
0.14746415 0.70386105
0.14879732 0.70380215
0.15014254 0.70374217
0.15149992 0.70368111
0.15286957 0.70361895
0.15425161 0.70355565
0.15564614 0.70349121
0.15705328 0.7034256
0.15847314 0.7033588
0.15990583 0.70329079
0.16135148 0.70322155
0.1628102 0.70315105
0.1642821 0.70307927
0.16576732 0.70300619
0.16726596 0.70293179
0.16877814 0.70285604
0.170304 0.70277891
0.17184366 0.70270039
0.17339723 0.70262045
0.17496485 0.70253905
0.17654664 0.70245618
0.17814273 0.70237181
0.17975325 0.70228591
0.18137833 0.70219846
0.18301811 0.70210942
0.1846727 0.70201876
0.18634226 0.70192647
0.18802691 0.7018325
0.18972679 0.70173683
0.19144204 0.70163943
0.19317279 0.70154026
0.1949192 0.7014393
0.19668139 0.70133651
0.19845951 0.70123185
0.20025371 0.7011253
0.20206412 0.70101682
0.20389091 0.70090638
0.20573421 0.70079394
0.20759418 0.70067946
0.20947096 0.70056291
0.2113647 0.70044425
0.21327557 0.70032344
0.21520372 0.70020045
0.21714929 0.70007523
0.21911246 0.69994774
0.22109337 0.69981795
0.22309219 0.6996858
0.22510908 0.69955127
0.22714421 0.6994143
0.22919773 0.69927485
0.23126982 0.69913288
0.23336065 0.69898835
0.23547037 0.69884119
0.23759917 0.69869138
0.23974721 0.69853886
0.24191468 0.69838358
0.24410174 0.69822549
0.24630857 0.69806454
0.24853535 0.69790069
0.25078227 0.69773387
0.25304949 0.69756403
0.25533722 0.69739113
0.25764562 0.6972151
0.2599749 0.69703589
0.26232524 0.69685344
0.26469682 0.6966677
0.26708984 0.6964786
0.2695045 0.69628609
0.27194099 0.69609009
0.27439951 0.69589056
0.27688025 0.69568743
0.27938342 0.69548062
0.28190922 0.69527009
0.28445785 0.69505575
0.28702953 0.69483755
0.28962445 0.6946154
0.29224284 0.69438925
0.29488489 0.69415902
0.29755084 0.69392464
0.30024088 0.69368602
0.30295525 0.69344311
0.30569415 0.69319581
0.30845782 0.69294406
0.31124647 0.69268776
0.31406033 0.69242685
0.31689963 0.69216123
0.3197646 0.69189083
0.32265547 0.69161555
0.32557247 0.69133532
0.32851585 0.69105004
0.33148584 0.69075962
0.33448268 0.69046398
0.33750661 0.69016301
0.34055788 0.68985662
0.34363673 0.68954472
0.34674342 0.68922721
0.3498782 0.68890399
0.35304132 0.68857495
0.35623303 0.68824
0.3594536 0.68789902
0.36270328 0.68755192
0.36598234 0.68719858
0.36929105 0.68683889
0.37262967 0.68647274
0.37599848 0.68610001
0.37939774 0.68572059
0.38282773 0.68533436
0.38628873 0.6849412
0.38978102 0.68454098
0.39330488 0.68413359
0.3968606 0.68371888
0.40044847 0.68329675
0.40406877 0.68286704
0.40772181 0.68242964
0.41140786 0.6819844
0.41512725 0.68153119
0.41888026 0.68106986
0.42266719 0.68060028
0.42648837 0.68012229
0.43034409 0.67963575
0.43423467 0.67914051
0.43816042 0.67863642
0.44212166 0.67812332
0.44611871 0.67760106
0.45015191 0.67706947
0.45422156 0.67652838
0.458328 0.67597764
0.46247157 0.67541708
0.4666526 0.67484652
0.47087143 0.67426579
0.4751284 0.67367471
0.47942386 0.6730731
0.48375815 0.67246078
0.48813163 0.67183756
0.49254464 0.67120326
0.49699755 0.67055768
0.50149072 0.66990063
0.5060245 0.6692319
0.51059928 0.66855129
0.51521541 0.66785861
0.51987328 0.66715364
0.52457326 0.66643617
0.52931573 0.66570599
0.53410107 0.66496287
0.53892968 0.6642066
0.54380194 0.66343695
0.54871824 0.66265369
0.553679 0.66185659
0.5586846 0.66104541
0.56373546 0.66021992
0.56883198 0.65937986
0.57397457 0.65852499
0.57916366 0.65765507
0.58439966 0.65676983
0.58968299 0.65586901
0.59501409 0.65495236
0.60039339 0.65401961
0.60582132 0.65307049
0.61129832 0.65210472
0.61682484 0.65112202
0.62240132 0.65012211
0.62802821 0.6491047
0.63370598 0.64806951
0.63943508 0.64701623
0.64521597 0.64594457
0.65104912 0.64485423
0.65693501 0.64374489
0.66287411 0.64261625
0.6688669 0.64146798
0.67491388 0.64029976
0.68101552 0.63911128
0.68717232 0.6379022
0.69338479 0.63667218
0.69965342 0.63542089
0.70597872 0.63414799
0.7123612 0.63285312
0.71880139 0.63153594
0.7252998 0.63019609
0.73185697 0.6288332
0.73847341 0.62744692
0.74514967 0.62603686
0.75188628 0.62460267
0.7586838 0.62314396
0.76554278 0.62166034
0.77246376 0.62015144
0.77944731 0.61861685
0.786494 0.61705619
0.79360439 0.61546904
0.80077907 0.61385502
0.80801861 0.6122137
0.8153236 0.61054468
0.82269464 0.60884754
0.83013231 0.60712186
0.83763722 0.60536722
0.84520998 0.60358318
0.8528512 0.60176931
0.86056151 0.59992519
0.86834152 0.59805036
0.87619187 0.5961444
0.88411319 0.59420684
0.89210612 0.59223725
0.90017131 0.59023516
0.90830942 0.58820014
0.9165211 0.58613171
0.92480702 0.58402942
0.93316785 0.58189281
0.94160427 0.57972142
0.95011696 0.57751477
0.95870661 0.5752724
0.96737391 0.57299385
0.97611957 0.57067863
0.9849443 0.56832629
0.99384881 0.56593635
1.0028338 0.56350834
1.0119001 0.56104179
1.0210483 0.55853623
1.0302792 0.55599119
1.0395935 0.5534062
1.0489921 0.55078079
1.0584757 0.54811451
1.0680449 0.54540688
1.0777007 0.54265745
1.0874438 0.53986576
1.097275 0.53703137
1.107195 0.53415382
1.1172048 0.53123268
1.127305 0.52826751
1.1374965 0.52525788
1.1477802 0.52220336
1.1581568 0.51910355
1.1686273 0.51595804
1.1791924 0.51276642
1.1898531 0.50952832
1.2006101 0.50624336
1.2114643 0.50291117
1.2224167 0.49953141
1.2334681 0.49610372
1.2446194 0.49262779
1.2558716 0.48910332
1.2672254 0.48552999
1.2786819 0.48190755
1.290242 0.47823573
1.3019066 0.4745143
1.3136767 0.47074304
1.3255531 0.46692175
1.3375369 0.46305026
1.3496291 0.45912842
1.3618306 0.45515611
1.3741424 0.45113323
1.3865655 0.44705973
1.3991009 0.44293555
1.4117496 0.43876069
1.4245127 0.43453518
1.4373912 0.43025908
1.4503861 0.42593247
1.4634985 0.42155551
1.4767295 0.41712834
1.49008 0.4126512
1.5035513 0.40812432
1.5171443 0.403548
1.5308602 0.39892259
1.5447002 0.39424848
1.5586652 0.3895261
1.5727565 0.38475593
1.5869752 0.37993852
1.6013224 0.37507447
1.6157994 0.37016441
1.6304072 0.36520905
1.6451471 0.36020916
1.6600203 0.35516556
1.6750279 0.35007914
1.6901712 0.34495085
1.7054514 0.33978171
1.7208697 0.33457279
1.7364275 0.32932525
1.7521258 0.3240403
1.7679661 0.31871925
1.7839497 0.31336346
1.8000777 0.30797436
1.8163515 0.30255347
1.8327724 0.29710237
1.8493418 0.29162273
1.866061 0.2861163
1.8829314 0.28058489
1.8999543 0.27503041
1.917131 0.26945483
1.9344631 0.26386021
1.9519518 0.25824869
1.9695987 0.25262249
1.9874051 0.24698389
2.0053725 0.24133526
2.0235023 0.23567906
2.041796 0.23001782
2.0602551 0.22435411
2.0788811 0.21869062
2.0976755 0.21303009
2.1166398 0.20737532
2.1357755 0.20172919
2.1550842 0.19609462
2.1745675 0.19047463
2.194227 0.18487225
2.2140642 0.17929058
2.2340807 0.17373279
2.2542782 0.16820204
2.2746582 0.16270159
2.2952226 0.15723467
2.3159728 0.15180458
2.3369106 0.14641462
2.3580378 0.14106811
2.3793559 0.13576837
2.4008667 0.13051872
2.4225721 0.12532246
2.4444736 0.12018289
2.4665732 0.11510328
2.4888725 0.11008684
2.5113735 0.10513678
2.5340779 0.10025621
2.5569875 0.095448195
2.5801043 0.090715733
2.60343 0.086061728
2.6269666 0.081488989
2.6507161 0.077000221
2.6746802 0.072598013
2.698861 0.068284827
2.7232603 0.064062984
2.7478803 0.059934662
2.7727228 0.055901876
2.79779 0.051966473
2.8230837 0.048130121
2.8486062 0.0443943
2.8743593 0.040760289
2.9003453 0.037229162
2.9265663 0.033801777
2.9530242 0.030478769
2.9797214 0.027260542
3.00666 0.024147265
3.033842 0.021138864
3.0612699 0.018235018
3.0889456 0.015435159
3.1168716 0.012738463
3.1450501 0.010143855
3.1734833 0.0076500051
3.2021736 0.0052553306
3.2311232 0.0029579983
3.2603346 0.00075592813
3.28981 -0.0013532024
3.3195519 -0.0033719517
3.3495627 -0.0053031066
3.3798449 -0.0071496737
3.4104008 -0.0089148695
3.4412329 -0.010602109
3.4723438 -0.012214992
3.503736 -0.013757294
3.5354119 -0.015232944
3.5673742 -0.016646017
3.5996255 -0.018000712
3.6321684 -0.01930134
3.6650054 -0.020552301
3.6981393 -0.02175807
3.7315728 -0.022923178
3.7653086 -0.024052194
3.7993493 -0.025149704
3.8336978 -0.026220298
3.8683568 -0.027268547
3.9033291 -0.02829899
3.9386177 -0.029316115
3.9742252 -0.030324342
4.0101547 -0.03132801
4.046409 -0.032331361
4.082991 -0.033338525
4.1199038 -0.034353508
4.1571503 -0.035380181
4.1947335 -0.036422262
4.2326565 -0.037483312
4.2709224 -0.038566716
4.3095342 -0.039675674
4.348495 -0.040813191
4.3878081 -0.041982058
4.4274766 -0.043184843
4.4675038 -0.044423872
4.5078928 -0.045701214
4.5486469 -0.047018657
4.5897695 -0.04837769
4.6312639 -0.049779474
4.6731334 -0.051224816
4.7153814 -0.052714135
4.7580114 -0.054247429
4.8010268 -0.055824236
4.8444311 -0.05744359
4.8882277 -0.059103981
4.9324204 -0.060803302
4.9770125 -0.062538809
5.0220078 -0.064307064
5.0674099 -0.066103893
5.1132224 -0.067924336
5.1594491 -0.069762603
5.2060937 -0.071612038
5.2531601 -0.073465083
5.3006519 -0.07531326
5.3485731 -0.077147148
5.3969275 -0.078956391
5.4457191 -0.0807297
5.4949518 -0.082454888
5.5446296 -0.084118905
5.5947565 -0.0857079
5.6453365 -0.087207298
5.6963739 -0.088601892
5.7478727 -0.089875951
5.799837 -0.091013348
5.8522711 -0.091997691
5.9051793 -0.092812472
5.9585658 -0.093441223
6.0124349 -0.093867668
6.0667911 -0.094075877
6.1216387 -0.09405042
6.1769821 -0.093776503
6.2328258 -0.093240094
6.2891744 -0.092428032
6.3460325 -0.091328113
6.4034046 -0.089929157
6.4612953 -0.088221056
6.5197095 -0.086194789
6.5786517 -0.083842436
6.6381268 -0.081157164
6.6981396 -0.078133216
6.7586949 -0.074765893
6.8197977 -0.071051554
6.8814529 -0.066987626
6.9436656 -0.062572654
7.0064406 -0.057806382
7.0697832 -0.052689886
7.1336984 -0.047225754
7.1981915 -0.041418332
7.2632676 -0.035274021
7.3289321 -0.02880162
7.3951902 -0.022012721
7.4620473 -0.014922122
7.5295089 -0.0075482546
7.5975803 8.6412498e-05
7.6662671 0.0079550092
7.735575 0.016025976
7.8055094 0.024262881
7.876076 0.032624372
7.9472807 0.041064291
8.019129 0.049531965
8.0916269 0.057972703
8.1647803 0.066328483
8.238595 0.074538831
8.313077 0.082541876
8.3882324 0.09027554
8.4640672 0.097678829
8.5405876 0.10469315
8.6177998 0.11126363
8.6957101 0.11734032
8.7743247 0.12287925
8.8536501 0.12784328
8.9336926 0.13220264
9.0144587 0.13593521
9.095955 0.13902638
9.1781881 0.14146864
9.2611647 0.1432608
9.3448913 0.14440701
9.429375 0.14491548
9.5146224 0.14479717
9.6006405 0.14406446
9.6874362 0.14272987
9.7750167 0.14080511
9.8633889 0.13830033
9.9525601 0.13522382
10.042537 0.1315822
10.133328 0.12738096
10.22494 0.12262548
10.31738 0.11732242
10.410655 0.11148124
10.504774 0.10511594
10.599744 0.09824655
10.695572 0.090900533
10.792267 0.08311364
10.889835 0.074930323
10.988286 0.066403519
11.087627 0.057593833
11.187866 0.048568187
11.289011 0.039398052
11.391071 0.030157449
11.494053 0.020920933
11.597967 0.011761776
11.70282 0.0027505472
11.80862 -0.0060457867
11.915378 -0.014564179
12.0231 -0.022745286
12.131796 -0.030532847
12.241475 -0.037872887
12.352146 -0.044712995
12.463817 -0.051001949
12.576498 -0.056689913
12.690197 -0.061729345
12.804924 -0.066076644
12.920689 -0.069694438
13.0375 -0.072554282
13.155367 -0.074639456
13.2743 -0.075947503
13.394308 -0.076492132
13.515401 -0.07630418
13.637588 -0.075431407
13.76088 -0.073937033
13.885287 -0.071897038
14.010819 -0.069396377
14.137485 -0.066524394
14.265297 -0.063369783
14.394264 -0.060015501
14.524397 -0.056534096
14.655707 -0.052983873
14.788204 -0.049406291
14.921898 -0.045824892
15.056801 -0.042245926
15.192924 -0.03866066
15.330278 -0.035049154
15.468873 -0.031385073
15.608721 -0.027640923
15.749834 -0.023792987
15.892222 -0.019825255
16.035898 -0.015731789
16.180872 -0.011517241
16.327157 -0.0071956455
16.474765 -0.0027879799
16.623707 0.0016807147
16.773996 0.0061837431
16.925643 0.010693933
17.078661 0.01518317
17.233063 0.019620398
17.388861 0.023968693
17.546067 0.02818244
17.704694 0.032205739
17.864756 0.035972971
18.026264 0.039411933
18.189233 0.042449177
18.353675 0.04501645
18.519603 0.047056551
18.687032 0.048526889
18.855975 0.049399505
19.026444 0.049657357
19.198455 0.049287914
19.372021 0.048276147
19.547156 0.046599468
19.723875 0.044226821
19.902191 0.041123068
20.082119 0.037258382
20.263674 0.032621078
20.44687 0.027231433
20.631722 0.02115383
20.818246 0.014504816
21.006456 0.0074552178
21.196367 0.00022518301
21.387996 -0.0069281353
21.581356 -0.013729445
21.776465 -0.01990871
21.973338 -0.025225865
22.171991 -0.029492897
22.372439 -0.032589418
22.5747 -0.034469029
22.778789 -0.035155849
22.984724 -0.034733039
23.19252 -0.033327011
23.402195 -0.031091433
23.613765 -0.028193861
23.827248 -0.024805573
24.042661 -0.021093275
24.260022 -0.017210837
24.479348 -0.013290524
24.700656 -0.0094352628
24.923966 -0.0057150823
25.149294 -0.0021705008
25.376659 0.0011772285
25.60608 0.0043134722
25.837575 0.0072226352
26.071162 0.0098913512
26.306862 0.012320947
26.544692 0.014539413
26.784673 0.016600947
27.026823 0.018568391
27.271162 0.020485813
27.51771 0.022355606
27.766488 0.024131605
28.017514 0.025730056
28.27081 0.027051375
28.526395 0.028002176
28.784292 0.028509293
29.04452 0.028523412
29.3071 0.028017209
29.572055 0.026987513
29.839404 0.025467875
30.109171 0.023545881
30.381377 0.021366346
30.656043 0.0191021
30.933193 0.016896198
31.212848 0.014809222
31.495032 0.012812584
31.779767 0.010838387
32.067075 0.0088519539
32.356982 0.0068966117
32.649509 0.0050860125
32.944681 0.0035585679
33.242521 0.002425838
33.543054 0.0017382786
33.846304 0.0014776109
34.152296 0.0015769272
34.461054 0.0019637878
34.772603 0.0026113918
35.086969 0.0035678447
35.404177 0.0049290563
35.724253 0.0067522705
36.047222 0.008965614
36.373112 0.011351861
36.701947 0.01362689
37.033756 0.015543215
37.368564 0.016925183
37.706399 0.017620406
38.047288 0.017458463
38.391259 0.01631984
38.73834 0.014285642
39.088559 0.011691984
39.441944 0.0089679058
39.798524 0.0063854487
40.158327 0.0039826721
40.521383 0.0017285067
40.887722 -0.00028369111
41.257372 -0.0018412385
41.630364 -0.0027997792
42.006729 -0.003244178
42.386496 -0.0034469443
42.769696 -0.0036247622
43.156361 -0.0036653038
43.546521 -0.0030649978
43.940209 -0.0012183417
44.337455 0.0020762398
44.738294 0.0063142701
45.142756 0.010540679
45.550874 0.01399029
45.962682 0.016499293
46.378214 0.01832629
46.797501 0.019702446
47.22058 0.020611715
47.647483 0.020817825
48.078246 0.019921427
48.512903 0.017527613
48.95149 0.013614832
49.394042 0.0087859818
49.840595 0.0040998913
50.291185 0.00069410974
50.745849 -0.00055483462
51.204623 0.00056479769
51.667544 0.0033267712
52.134651 0.0064105392
52.605981 0.0086734444
53.081571 0.0096898177
53.561462 0.0098523848
54.045691 0.010056578
54.534297 0.011016522
55.027321 0.012754644
55.524803 0.014651249
56.026781 0.01573628
56.533298 0.015124779
57.044394 0.012678735
57.560111 0.0091158496
58.08049 0.0051298378
58.605574 0.0010213763
59.135405 -0.002497879
59.670026 -0.0042310159
60.20948 -0.0037555709
60.753811 -0.0020531448
61.303063 -0.00048452095
61.857281 0.00044269623
62.416509 0.0010184864
62.980793 0.0016985759
63.550179 0.0030623422
64.124712 0.0056724776
64.704439 0.0094896413
65.289408 0.013776954
65.879665 0.017146875
66.475258 0.017708878
67.076235 0.014802217
67.682646 0.0098239124
68.294539 0.0042688567
68.911965 -0.0008998782
69.534972 -0.0044187689
70.163611 -0.005580571
70.797934 -0.005525363
71.437991 -0.0058901043
72.083835 -0.006195022
72.735517 -0.0052227083
73.393092 -0.0033504543
74.056611 -0.0007427215
74.726129 0.0027976162
75.401699 0.0064898663
76.083378 0.0091876253
76.771219 0.0097975459
77.465278 0.0086041591
78.165613 0.0062852896
78.872278 0.0027975448
79.585333 -0.00057140005
80.304834 -0.0012617878
81.030839 0.001872146
81.763408 0.0074038559
82.5026 0.01151045
83.248475 0.010851056
84.001093 0.0069678443
84.760515 0.0034995978
85.526803 0.0026091092
86.300019 0.0042950906
87.080224 0.0070056443
87.867484 0.0092458047
88.661861 0.010593816
89.463419 0.011426949
90.272224 0.013450718
91.088341 0.017326983
91.911836 0.019960159
92.742776 0.017002251
93.581229 0.00770763
94.427261 -0.003136229
95.280942 -0.0080225099
96.142341 -0.0044394515
97.011528 0.0013230854
97.888572 0.0043317931
98.773546 0.003220748
99.66652 0.0003726958
100.56757 -0.00178961
101.47676 -0.0029114327
102.39417 -0.0017108611
103.31988 0.00069766008
104.25396 0.00051464403
105.19648 -0.0017957024
106.14752 -0.0030961772
107.10716 -0.0025340423
108.07547 -0.0054042366
109.05254 -0.0088386485
110.03845 -0.005270674
111.03326 0.0007896732
112.03707 0.0035085685
113.04996 0.0037952335
114.072 0.0019793927
115.10328 -0.0012693784
116.14389 -0.00058020276
117.1939 0.0049611508
118.2534 0.0073060189
119.32249 0.0069383947
120.40124 0.0070423922
121.48974 0.0091229506
122.58808 0.0065756962
123.69636 -0.0021037966
124.81465 -0.012502828
125.94305 -0.017357538
127.08165 -0.009629626
128.23055 0.00058302525
129.38983 0.003630945
130.5596 0.0081805762
131.73994 0.011148686
132.93095 0.0073361413
134.13273 0.0023404124
135.34537 0.0006682421
136.56898 0.0012362736
137.80365 0.0045111857
139.04948 0.0022718477
140.30657 -0.0037436372
141.57503 -0.0024022615
142.85495 0.0017664958
144.14645 0.0056095236
145.44963 0.0085821379
146.76458 0.0022770993
148.09142 -0.0035039548
149.43026 -0.00066248607
150.78121 0.0037526065
152.14436 0.0072415724
153.51984 0.0077174289
154.90776 0.0084195309
156.30822 0.006219107
157.72134 0.0014116161
159.14724 -0.0007468875
160.58603 0.0019380081
162.03783 0.00078906621
163.50275 0.0019248479
164.98092 0.0043206293
166.47245 0.0062572
167.97746 0.0023885397
169.49608 0.0058465147
171.02843 0.0071166637
172.57464 0.005196423
174.13482 0.00041253042
175.7091 -0.0063939694
177.29762 -0.0043920984
178.90051 -0.0033795479
180.51788 -0.0060862345
182.14987 -0.0013821396
183.79662 0.0024297084
185.45825 -0.0039724112
187.13491 -0.0078954865
188.82673 -0.001352023
190.53384 -0.0040685493
192.25638 -0.00059010676
193.9945 -0.00063080741
195.74833 -0.0024625023
197.51802 0.0012438521
199.3037 0.003840567
201.10553 -0.0032488973
202.92365 -0.0071490163
204.75821 -0.0088280345
206.60935 -0.010015012
208.47723 -0.0045184059
210.36199 -0.0036725483
212.26379 -0.0018687766
214.18279 -0.0012044814
216.11914 -0.0044676385
218.07299 0.0016978893
220.0445 -0.00031899836
222.03384 -0.00096981757
224.04117 0.0025221923
226.06664 0.0007550097
228.11042 0.012079438
230.17268 0.0053925512
232.25359 0.0024529717
234.3533 -0.0015232289
236.472 -0.0057627618
238.60986 -0.00092153953
240.76704 0.0027927901
242.94372 -0.0006389329
245.14008 -0.0095456513
247.3563 -0.0035920845
249.59256 0.008147752
251.84903 0.0076033768
254.1259 0.00021098573
256.42336 -0.0022278856
258.74158 0.0018003282
261.08077 0.0046807665
263.4411 0.0082412885
265.82277 -0.005444098
268.22597 -0.0049641805
270.6509 -0.0026390627
273.09776 -4.3353279e-05
275.56673 0.004452533
278.05802 0.0034200447
280.57184 0.0021975629
283.10839 -0.0045646595
285.66786 -0.001703862
288.25048 0.0010597504
290.85644 0.010166864
293.48596 0.0078008655
296.13926 -0.0077155304
298.81654 0.00041039908
301.51803 0.0027903069
304.24394 0.0010204413
306.99449 0.0023563098
309.76992 -0.0065982527
312.57043 0.0088174394
315.39626 0.00084062255
318.24764 0.003924462
321.12479 0.0058525257
324.02796 -0.0012208079
326.95738 0.003935727
329.91327 0.0052132321
332.8959 -0.0059692637
335.90548 0.0023663491
338.94228 0.00092624278
342.00652 0.0010737399
345.09848 0.0076956204
348.21838 -0.0050549058
351.36649 -0.014541781
354.54306 0.0021661703
357.74835 0.0071819908
360.98262 -0.0021529838
364.24613 -0.011242905
367.53914 0.0014540813
370.86192 0.0021536751
374.21474 -0.0010627766
377.59788 0.0017655312
381.0116 -0.0048168376
384.45618 0.0070008187
387.9319 -0.0011759051
391.43905 -0.0081671947
394.9779 0.00060562165
398.54875 -0.00019436842
402.15187 -0.0060397471
405.78758 0.0040853717
409.45615 -0.0050412345
413.15789 -0.01003683
416.89309 -0.0010958988
420.66206 -0.0012346651
424.46511 -0.0085815114
428.30254 -0.0015951321
432.17466 0.0064707829
436.08179 -0.008058109
440.02424 0.0020143865
444.00233 0.006848532
448.01639 -0.0075813932
452.06674 -0.0069892988
456.1537 0.0039745343
460.27761 0.011273394
464.43881 -0.0007054437
468.63762 -0.010913013
472.8744 0.012477683
477.14948 0.0037258949
481.46321 0.019805952
485.81593 0.001109108
490.20801 -0.00073814803
494.6398 -0.00033042099
499.11165 -0.0073548005
503.62393 -0.0057028713
508.177 0.012179687
512.77124 0.0063171387
517.40701 0.006844404
522.08469 -0.0045085453
526.80466 -0.0041767354
531.5673 -0.0048047863
536.373 -0.00060618684
541.22215 -0.0043361415
546.11513 -0.015482087
551.05235 0.0092192202
556.03421 0.0049177458
561.0611 0.0011736166
566.13344 0.012386766
571.25164 -0.0091589868
576.41611 -0.00092655635
581.62727 0.0054506344
586.88554 0.00097670298
592.19135 0.0013448157
597.54513 0.0050397388
602.94731 0.0079860574
608.39833 0.004768532
613.89863 -0.0045862617
619.44865 -0.0041334654
625.04885 -0.0091769796
630.69968 0.0005359996
636.4016 -0.012321136
642.15507 0.0068162488
647.96055 -0.0081643898
653.81852 -0.0024742939
659.72944 0.0077239504
665.69381 -0.0039855764
671.71209 0.0038071683
677.78479 0.0061956028
683.91238 -0.0023308228
690.09538 7.1978097e-05
696.33427 0.0064507353
702.62956 -0.0062486428
708.98177 -0.0039923592
715.39141 0.00033369288
721.85899 0.0010418686
728.38504 -0.00019503859
734.9701 -0.0084902132
741.61468 0.0010893835
748.31934 0.0072160987
755.08461 0.0026764767
761.91105 0.00213257
768.7992 -0.0050074452
775.74962 6.428314e-05
782.76288 0.0059500512
789.83954 0.0067383976
796.98018 -0.0020061721
804.18538 -0.011773173
811.45572 -0.0015082966
818.79178 -0.0069905986
826.19417 -0.0077137685
833.66348 -0.0024509654
841.20031 -0.0068464848
848.80529 0.0034667117
856.47901 0.0065368573
864.22212 -0.00031758239
872.03522 0.0053136782
879.91896 0.00056355993
887.87398 0.00013809404
895.90091 -0.0041510914
904.00041 0.0057445426
912.17314 -6.003565e-05
920.41975 0.0047094244
928.74091 0.0023155933
937.13731 -0.002605134
945.60961 0.001042013
954.15851 0.0029180279
962.7847 4.0723602e-05
971.48887 -0.0057760936
980.27174 -0.0018630857
989.134 -0.00029600945
998.07639 0.0022222305
1007.0996 -0.0023043756
1016.2044 0.0032023852
1025.3915 0.00073000333
1034.6617 0.0090867575
1044.0157 0.0045241994
1053.4543 -0.0018474547
1062.9781 0.003215529
1072.5881 0.005634497
1082.285 0.0073467482
1092.0695 -0.0015105093
1101.9425 -0.0045587228
1111.9047 -0.0096722675
1121.9571 0.0017544687
1132.1002 -0.0090280916
1142.3351 0.0052852324
1152.6626 0.0031890734
1163.0833 -0.0053185259
1173.5983 -0.0019369703
1184.2084 0.0051921951
1194.9144 -0.0017549733
1205.7171 -0.011214672
1216.6176 -0.0042755323
1227.6166 0.0025608226
1238.715 0.0050293845
1249.9137 -0.0023366158
1261.2137 0.006048852
1272.6159 0.0060735167
1284.1211 -0.0020932151
1295.7304 -0.0085452719
1307.4446 0.0035072837
1319.2647 -0.0033801596
1331.1917 0.012252852
1343.2265 0.0039763078
1355.3701 -0.00058004017
1367.6235 0.0086010408
1379.9876 -0.0026871806
1392.4636 -0.0065392058
1405.0523 -0.0026627865
1417.7549 0.0035807182
1430.5722 -0.0024961965
1443.5055 0.013298741
1456.5557 0.0058791213
1469.7239 0.0035369307
1483.0111 0.0077255146
1496.4184 -0.001387586
1509.947 -0.0017263721
1523.5978 0.0094494884
1537.3721 0.0026171161
1551.2709 0.0017014611
1565.2954 -0.0016550127
1579.4466 -0.0068995615
1593.7258 0.0018874222
1608.1341 0.0056671359
1622.6726 -0.004960768
1637.3426 0.0042221539
1652.1452 -0.0063137977
1667.0816 -0.0021169663
1682.153 0.0069274619
1697.3607 0.0076528318
1712.7059 0.00053209249
1728.1899 -0.014080922
1743.8138 -0.0019241103
1759.5789 0.004935255
1775.4866 0.00066839315
1791.5381 -0.0029621835
1807.7347 -0.0016721563
1824.0778 0.0093618372
1840.5686 -0.0073131436
1857.2085 -0.00085017942
1873.9988 0.0084411875
1890.9409 0.002814287
1908.0362 -0.0042486522
1925.286 -0.010651349
1942.6918 -0.0021251585
1960.2549 0.0098327625
1977.9769 0.0033972775
1995.859 0.005192652
2013.9028 0.0048517964
2032.1097 -0.0015557047
2050.4813 -0.0014604478
2069.0189 -0.0027368222
2087.7241 0.0010670673
2106.5984 -0.0065136664
2125.6434 0.010628275
2144.8605 0.0059664112
2164.2514 -0.0027167152
2183.8176 0.00079487296
2203.5607 -0.012442215
2223.4822 -0.00029360497
2243.5839 -0.0041210893
2263.8673 0.0090231712
2284.334 0.0027875659
2304.9858 0.0012707018
2325.8243 -0.0037525779
2346.8512 0.0061672641
2368.0682 0.0060709314
2389.4771 -0.0065718593
2411.0794 0.0049934813
2432.8771 -0.0053960726
2454.8718 0.00039684584
2477.0654 -0.0085236598
2499.4596 -0.00033860985
2522.0562 0.0072602649
2544.8572 0.0063730978
2567.8643 0.0056132848
2591.0794 -0.0014783977
2614.5043 0.0085317379
2638.1411 -0.0058462763
2661.9915 -0.0024619126
2686.0576 0.0003622299
2710.3412 -0.0032886072
2734.8444 -0.013708156
2759.5691 -0.0072229431
2784.5173 -0.0015900667
2809.6911 -0.005860464
2835.0924 0.0031860527
2860.7234 0.0027338359
2886.5861 0.0088931018
2912.6827 0.0061054744
2939.0151 0.0022868494
2965.5857 -0.0069675953
2992.3964 0.0014746569
3019.4495 0.0016883028
3046.7472 0.0037292513
3074.2917 0.0063069654
3102.0852 0.0038986716
3130.13 0.00042607701
3158.4283 0.011524847
3186.9825 0.0134094
3215.7948 -0.0010043069
3244.8676 0.00032822241
3274.2032 0.0075181356
3303.804 0.0046989199
3333.6725 -0.00012949228
3363.8109 -0.00064408775
3394.2219 -0.0073149883
3424.9077 0.011665592
3455.871 0.0024677905
3487.1143 0.0096057177
3518.6399 0.0024256713
3550.4506 -0.0031435139
3582.5489 0.0015681718
3614.9374 -0.005613248
3647.6187 -0.0052589223
3680.5954 0.010115778
3713.8703 -0.00013684913
3747.446 -0.002350172
3781.3252 -0.00079570328
3815.5107 0.0006099383
3850.0053 0.0041935525
3884.8118 0.0049804574
3919.9329 0.0024764265
3955.3715 -0.0045931281
3991.1305 -0.0014990509
4027.2128 0.0069746456
4063.6214 -4.4194002e-05
4100.359 0.0080697074
4137.4288 -0.017833594
4174.8337 0.0082479738
4212.5768 -0.004012812
4250.6611 -0.0073857399
4289.0898 -0.0041869821
4327.8658 0.0037279405
4366.9924 -0.0033342484
4406.4727 0.0019941507
4446.31 -0.0028299468
4486.5074 -0.00037370857
4527.0682 -0.00097423681
4567.9957 0.001071286
4609.2932 -0.0027306234
4650.9641 -0.0040767146
4693.0117 0.00083254501
4735.4395 -0.0023428686
4778.2508 -0.00098484924
4821.4491 0.0026716417
4865.038 -0.0028389596
4909.021 0.0109417
4953.4016 -0.001478752
4998.1834 -0.0094884312
5043.3701 0.007927453
5088.9653 0.0070601199
5134.9727 -0.0087653033
5181.3961 0.0018466781
5228.2391 -0.0016829305
5275.5057 -0.0044515423
5323.1995 -0.0015830711
5371.3245 0.0032245243
5419.8847 0.0012363212
5468.8838 -0.002834815
5518.3259 0.0013613983
5568.215 0.002831007
5618.5551 0.0014852653
5669.3504 0.0054053713
5720.6048 0.0055935832
5772.3226 0.0025392041
5824.508 -0.00054556799
5877.1652 0.0063500067
5930.2984 -0.00071674708
5983.912 -0.00039026796
6038.0103 -0.0064809437
6092.5977 0.016393663
6147.6785 -0.0060239076
6203.2574 -0.010055306
6259.3387 -0.0080485813
6315.927 0.0039672471
6373.0269 0.0083578724
6430.643 0.0050197892
6488.78 -0.0070863042
6547.4426 -0.0049562758
6606.6356 0.0032549767
6666.3637 -0.00015780436
6726.6317 0.0056797777
6787.4447 0.0019681522
6848.8074 0.0006566194
6910.7249 5.2327041e-05
6973.2021 0.00077148656
7036.2442 0.006177198
7099.8562 -0.0043976804
7164.0433 -0.012480758
7228.8108 0.010625798
7294.1637 -0.00035861089
7360.1075 -0.0088191227
7426.6474 0.011592268
7493.7889 -0.0033999403
7561.5374 -0.0024281832
7629.8984 -0.00053395258
7698.8775 0.0086481578
7768.4801 -0.0094299745
7838.712 -0.0028969757
7909.5788 -0.0052395204
7981.0863 0.0037242724
8053.2403 0.00073007783
8126.0466 0.0045952145
8199.5111 0.011510046
8273.6398 -0.010057134
8348.4387 0.0075046649
8423.9137 -0.0048118957
8500.0712 0.00039877504
8576.9171 -0.0073463818
8654.4578 0.0032716307
8732.6994 -0.0010200549
8811.6485 -0.0065956696
8891.3112 0.0031702389
8971.6942 0.0088575473
9052.8039 -0.0080776595
9134.6469 -0.004753856
9217.2298 0.0045751089
9300.5593 0.0011562636
9384.6421 -0.0081144135
9469.4851 -0.0019311362
9555.0951 0.0049725898
9641.4791 0.0082275575
9728.6441 -0.0029274604
9816.5971 -0.0048797546
9905.3452 -0.0014227491
9994.8957 0.0029678872
10085.256 -0.0071277994
10176.433 -0.002041767
10268.434 0.012431485
10361.267 0.0034776551
10454.939 -0.0028833922
10549.459 -0.0053858963
10644.832 0.0070244104
10741.068 0.0038335188
10838.174 0.0085983766
10936.158 0.0064308998
11035.028 -0.0030126127
11134.791 0.00097704298
11235.456 -0.00442808
11337.032 0.0055402854
11439.526 0.0024215725
11542.946 0.0023356764
11647.302 -0.0050627968
11752.6 -0.0051588197
11858.851 -0.004478052
11966.063 0.001196572
12074.243 0.0028349164
12183.402 -0.0016094431
12293.548 0.0015616373
12404.689 0.0019539122
12516.835 0.0067773071
12629.995 0.00099285668
12744.178 0.00074318808
12859.393 0.0061036054
12975.65 -0.0037292612
13092.958 -0.00090196779
13211.327 0.0021201261
13330.765 0.0028283039
13451.284 0.0039940146
13572.892 -0.0080229034
13695.599 -0.0039074491
13819.416 -0.0084611444
13944.352 0.0046458649
14070.417 0.0016524259
14197.623 0.004111683
14325.978 0.0040486236
14455.494 -0.0070666937
14586.18 -0.0006437825
14718.049 -0.002874386
14851.109 0.0043090449
14985.372 0.0016856542
15120.849 -0.002581876
15257.551 -4.203261e-05
15395.489 0.0022152409
15534.674 0.012690317
15675.117 0.0054975133
15816.83 -0.0019526991
15959.824 -0.0059330384
16104.11 -0.00202127
16249.701 -0.0041137105
16396.609 0.0059920076
16544.844 -0.0022930477
16694.42 -0.0011046749
16845.348 0.0084291607
16997.64 0.0017280064
17151.31 -0.0048841774
17306.368 0.0039490368
17462.828 -0.00021440729
17620.703 0.0048337886
17780.005 -0.0019710467
17940.748 -0.0085180138
18102.943 -0.00025286101
18266.605 -0.0068137387
18431.747 0.0045619037
18598.381 0.00044056814
18766.522 0.0024994186
18936.183 0.002138371
19107.378 0.0098093726
19280.12 0.010116533
19454.425 -0.0064578512
19630.305 0.0020356582
19807.775 -0.0081072601
19986.85 0.0084211576
20167.543 0.002024293
20349.87 0.0052670712
20533.846 -0.0018076145
20719.484 0.002214782
20906.801 0.0044254545
21095.812 0.00073786937
21286.531 -0.011204321
21478.975 0.0013745525
21673.158 0.0036225943
21869.097 -0.0039065722
22066.807 -0.0023200269
22266.305 -0.0044791019
22467.606 -0.002269822
22670.727 0.0022163254
22875.685 0.0035809299
23082.495 -0.00059275362
23291.175 0.0039433629
23501.742 -0.00093794741
23714.212 -0.009909588
23928.603 -8.9437528e-05
24144.933 -0.0033284358
24363.218 -0.0050183735
24583.477 -0.00027874129
24805.727 0.0020395757
25029.986 0.0042968628
25256.272 -0.0048812189
25484.605 0.00063194428
25715.001 -0.00063608033
25947.481 0.0058401637
26182.062 -0.0022404904
26418.765 -0.00080023872
26657.607 0.0015853791
26898.608 0.0043311813
27141.788 0.0033419195
27387.167 -0.0072031537
27634.764 0.0082491964
27884.599 -0.0061725868
28136.693 -0.0041673835
28391.066 -0.0010281919
28647.739 0.0032327277
28906.733 -0.0047862853
29168.068 0.0019054105
29431.765 0.003364989
29697.847 -0.0057313515
29966.334 0.0062823703
30237.248 0.0026438075
30510.611 0.0077207604
30786.446 0.0058541252
31064.775 -0.005256735
31345.62 0.011683452
31629.004 0.0061938462
31914.949 0.0013368383
32203.48 -0.0033194257
32494.62 -0.007224212
32788.391 -0.0027134881
33084.819 -0.00096363987
33383.926 -0.011269818
33685.738 0.0047520201
33990.278 0.0053286749
34297.571 0.0012447351
34607.642 0.0087220208
34920.517 -0.012547614
35236.22 0.0034584878
35554.777 0.0018470538
35876.215 -0.0092329668
36200.558 0.0012422167
36527.834 0.0082112422
36858.068 -0.0013796085
37191.288 0.0053866007
37527.52 0.0042008167
37866.792 -0.0019190013
38209.132 0.00025402083
38554.566 0.00039516728
38903.123 -0.0089976527
39254.832 0.0023991032
39609.72 -0.0095882424
39967.816 0.0086622664
40329.15 -0.0071995406
40693.751 0.00070464583
41061.648 0.0086784372
41432.87 0.00031813284
41807.449 0.0021295558
42185.415 -0.0071493123
42566.797 0.00049426139
42951.627 -0.002904567
43339.937 -0.001086707
43731.757 -0.0037884944
44127.119 0.004223491
44526.056 -0.0033801915
44928.599 -0.00059109683
45334.781 -0.0031232769
45744.636 0.0050601179
46158.196 -0.0016908131
46575.495 -0.00074939485
46996.566 -0.0014295861
47421.444 -0.005719603
47850.164 -0.0015110582
48282.759 -0.0014543818
48719.265 -0.0060925907
49159.717 -0.0037097367
49604.152 0.0068923507
50052.604 -0.0010640385
50505.111 0.0013110112
50961.708 0.0035070566
51422.434 -0.0069132048
51887.325 0.0017730323
52356.418 -0.01082239
52829.753 0.0059360941
53307.367 0.0021103881
53789.299 -0.0028221085
54275.587 0.010505785
54766.272 0.012607451
55261.393 -0.0013800178
55760.991 -0.0098130854
56265.105 0.0022000987
56773.776 0.009299195
57287.047 0.0065233713
57804.957 -0.00070080639
58327.55 0.010018296
58854.867 0.011404535
59386.952 0.0093237286
59923.847 0.0078645674
60465.596 -0.0024254413
61012.242 0.0052854833
61563.831 0.0099126282
62120.406 -0.0026396241
62682.013 -0.0031491147
63248.698 0.00089911848
63820.505 0.0036889056
64397.482 -0.0070159233
64979.675 0.0029671271
65567.132 -0.0050662744
66159.9 -0.001013027
66758.026 0.0034910583
67361.56 -0.0011349752
67970.551 -0.0091008652
68585.047 0.0069921512
69205.098 0.00011725409
69830.755 0.0012756635
70462.069 0.0047475463
71099.09 -0.0056101312
71741.87 0.0013411154
72390.461 -0.011902036
73044.916 -7.8288995e-05
73705.287 0.0080512299
74371.629 -0.010157918
75043.995 -0.00018087023
75722.439 0.0030049182
76407.017 0.0066879153
77097.784 0.0039786587
77794.796 -0.0082200252
78498.109 0.0030589077
79207.781 -0.0087515508
79923.868 0.013811585
80646.43 -0.0034545037
81375.524 0.0017039465
82111.209 -0.0069219256
82853.545 0.0018978504
83602.593 -0.00055391502
84358.412 0.0019599439
85121.065 -0.016666128
85890.612 -0.014338654
86667.117 0.00057828026
87450.641 0.0086168883
88241.249 0.0087058954
89039.005 -0.0056944034
89843.973 0.0018573527
90656.219 0.0095540529
91475.807 0.00052498392
92302.805 0.0023460066
93137.28 0.0036354226
93979.299 -0.0034562694
94828.93 0.0081582176
95686.243 0.0010577307
96551.306 0.005435696
97424.19 -0.0014701917
98304.965 0.00027860693
99193.703 -0.0083862364
100090.48 0.00074002413
100995.36 -0.0024212628
101908.42 0.00067598775
102829.73 0.0054095418
103759.38 -0.0060376993
104697.43 0.0081904271
105643.96 0.012436518
106599.04 -0.0023445867
107562.76 0.010677884
108535.2 0.0080441051
109516.42 -0.0021952604
110506.52 -0.0046548441
111505.57 0.0010044065
112513.65 0.0025432918
113530.84 -0.015000944
114557.23 0.0056780686
115592.9 0.00042339958
116637.93 -0.005264063
117692.41 0.0095553276
118756.42 -0.0047324582
119830.06 -0.00096161473
120913.39 -0.0084499628
122006.53 0.00097017147
123109.54 -0.0015854951
124222.53 0.007191939
125345.58 0.0043755065
126478.78 0.0051285614
127622.23 -0.0014600389
128776.01 -0.0014656142
129940.22 -0.0044462675
131114.97 -0.0043737102
132300.33 0.00026366945
133496.4 0.0028834997
134703.29 0.00046982
135921.1 0.0055672841
137149.91 0.00013808671
138389.83 -0.0076034344
139640.96 -0.003963161
140903.4 -0.0071613478
142177.25 0.0068238112
143462.62 0.0075576874
144759.61 0.00013975178
146068.33 -0.0043482222
147388.88 -0.0049234622
148721.37 -0.0018006243
150065.9 -7.4407365e-05
151422.59 0.0023548352
152791.54 -0.01424315
154172.87 0.0063475181
155566.69 -0.00039909158
156973.11 0.00081625715
158392.25 0.0060832697
159824.21 0.0031382699
161269.12 -0.0027824337
162727.1 0.0053464197
164198.25 0.010780935
165682.7 0.0034506779
167180.58 -0.0034338622
168691.99 0.0067137929
170217.08 -0.0010483696
171755.94 -0.0094955758
173308.72 0.0062539749
174875.54 0.0010441031
176456.53 -0.0049545429
178051.8 0.00042038981
179661.5 0.0050271633
181285.75 0.0037523524
182924.69 0.00025219284
184578.44 0.0032602783
186247.15 -0.0013315602
187930.94 0.0004476636
189629.95 -0.0037308885
191344.32 0.0038593517
193074.19 0.0075739851
194819.7 0.0084234791
196581 -0.010442062
198358.21 0.0059708148
200151.49 0.0040268359
201960.98 0.0015176173
203786.84 0.0063203259
205629.2 0.0016125363
207488.21 -0.0053885055
209364.04 0.0016006426
211256.82 0.0071607026
213166.71 0.0042409083
215093.87 -0.00091093689
217038.45 -0.002094858
219000.61 0.0028630263
220980.52 -0.0017259241
222978.32 0.0089595939
224994.18 0.010189014
227028.27 0.0030378302
229080.74 -0.0034667903
231151.78 -0.0051422724
233241.53 -0.0024026644
235350.18 0.0067718289
237477.89 -0.0061288378
239624.84 0.0010086752
241791.2 -0.0039954114
243977.14 -0.012684834
246182.85 -0.0025217906
248408.49 0.0014867318
250654.26 0.00081900786
252920.33 0.0035878505
255206.89 0.0052550675
257514.12 0.0055467811
259842.2 0.0050356067
262191.34 -0.006749952
264561.71 -0.0023331782
266953.51 0.00094046901
269366.94 0.0015994663
271802.18 -0.0085920504
274259.44 -0.011135092
276738.92 -0.0023945695
279240.81 -0.00041064747
281765.32 -0.0075858406
284312.66 0.0062971192
286883.02 0.0063137523
289476.62 0.003675903
292093.67 0.00037453809
294734.38 -0.0056712535
297398.96 -0.0039424463
300087.63 -0.01128312
302800.61 -0.0050548151
305538.12 0.0063811062
308300.37 0.0062224912
311087.6 -0.010200979
313900.02 0.0029566026
316737.87 -0.0092569049
319601.38 0.0021265016
322490.78 0.0040125164
325406.29 0.0061589558
328348.17 0.0085831945
331316.64 -0.00060380675
334311.95 0.0045393311
337334.34 -0.0019501455
340384.05 -0.0027087285
343461.33 -0.0048873557
346566.44 0.0046863404
349699.61 -0.0080212543
352861.11 0.0084634786
356051.2 0.00017204865
359270.12 -0.004717902
362518.15 -0.00029943918
365795.54 0.0035439598
369102.56 -0.003221442
372439.47 -0.0078000387
375806.56 -0.0018917751
379204.08 -0.00021965701
382632.32 0.0061967186
386091.56 0.0004950003
389582.06 0.0031596369
393104.13 -0.0064176272
396658.03 -0.003119473
400244.07 0.0061023993
403862.52 -0.0011118745
407513.69 -0.0043089826
411197.87 -0.0034236686
414915.35 -0.0045486419
418666.45 -0.00060899263
422451.45 0.004613782
426270.68 0.0099076946
430124.43 0.0051390055
434013.02 -0.0007205547
437936.77 -0.00018537261
441895.99 -0.0025241405
445891 -0.0098551403
449922.14 0.0050846862
453989.71 0.0026868705
458094.06 0.0099651807
462235.52 0.0032120767
466414.41 -0.010430705
470631.09 0.0095305969
474885.89 0.00359767
479179.15 0.0085580421
483511.23 0.0042781947
487882.47 -0.0011401315
492293.23 0.0033030496
496743.87 0.014369665
501234.74 0.0036964723
505766.21 -0.0044684481
510338.66 -0.0047193755
514952.43 0.0030028432
519607.92 0.0055913563
524305.5 0.0020041204
529045.55 -0.0073910993
533828.45 0.0020329379
538654.59 0.0020156537
543524.36 -0.0023755282
548438.16 -0.0084192115
553396.39 0.0074759538
558399.43 0.002213728
563447.71 0.0032131766
568541.63 0.004323559
573681.6 0.0011102054
578868.04 -2.401482e-05
584101.36 -0.0072563993
589382 -0.0076342643
594710.38 -0.0077641147
600086.93 0.0063031367
605512.09 -0.00029648237
610986.3 0.0028128564
616510 -0.0033530674
622083.63 -0.00087800926
627707.65 0.0030330263
633382.52 -0.0018612359
639108.69 -0.0031837644
644886.63 -0.0019445401
650716.81 -0.00035203302

